
PG   81   34.6 31.6 10.2 24.0 42.5 2.5  7.2  34.3 8.8  10.4 84.5 10.7 10.4 1.6  0.4  5.4  62   42   30.70
SG   81   36.4 29.1 8.3  18.9 44.0 3.2  9.3  34.7 9.2  10.9 84.7 8.1  11.2 1.5  0.5  5.7  64   22   27.43
PG   76   33.8 28.9 9.0  19.4 46.3 3.2  8.5  37.9 7.8  8.5  90.9 2.7  5.9  0.9  0.2  2.8  5    0    26.59
PF   75   36.1 28.0 10.3 20.3 50.5 0.5  1.8  29.9 6.9  8.6  80.2 11.8 2.1  1.3  2.2  2.4  49   0    27.59
SF   74   35.4 27.3 9.7  20.9 46.7 0.4  1.7  26.6 7.4  8.7  84.2 5.2  3.9  1.1  0.2  2.4  5    0    24.09
PG   75   35.9 27.0 8.8  19.8 44.4 2.9  7.7  37.0 6.5  7.3  89.5 4.9  5.9  0.9  0.3  2.6  11   0    24.15
C    72   34.2 27.0 9.0  19.9 45.2 1.8  5.0  36.1 7.2  9.3  77.2 11.0 4.6  1.4  1.3  3.7  46   2    25.84
SF   74   37.8 26.4 9.9  18.2 54.8 1.7  4.6  36.3 4.8  7.2  67.4 8.6  8.7  1.2  0.6  4.1  42   13   27.11
SF   74   33.4 25.5 8.6  17.7 48.5 2.0  5.2  38.0 6.3  7.2  88.0 5.8  3.5  1.8  0.7  2.1  9    0    27.62
PG   79   33.4 25.3 8.5  18.3 46.8 4.1  10.0 41.1 4.1  4.6  89.8 4.5  6.6  1.8  0.2  3.0  9    0    24.74
PG   72   35.1 25.2 9.3  19.7 47.3 2.5  6.1  40.1 4.1  4.6  90.5 3.2  5.8  1.2  0.3  2.5  8    0    23.09
C    82   37.0 25.1 9.8  18.0 54.2 1.2  3.4  36.7 4.3  5.2  83.2 12.3 2.7  0.7  1.3  2.6  62   1    26.00
SF   62   33.4 25.1 8.9  16.5 53.7 1.9  5.0  37.5 5.4  6.2  87.5 8.3  4.8  1.1  1.6  2.2  23   1    27.68
SF   76   37.0 23.9 7.5  16.5 45.5 1.2  3.3  36.7 7.7  8.9  86.5 6.2  5.5  1.9  0.4  2.1  15   2    25.19
SG   75   35.9 23.7 8.3  18.0 46.1 2.6  6.6  39.3 4.5  5.0  89.8 6.6  3.3  1.6  0.4  2.9  11   0    20.30
SF   82   37.2 23.6 8.6  19.1 45.2 1.3  3.5  35.6 5.0  6.6  76.0 4.0  2.3  1.0  0.4  2.3  1    0    16.62
PG   79   34.7 23.2 8.1  18.3 44.4 3.0  7.6  39.9 3.8  4.5  84.7 3.9  5.5  1.1  0.3  2.1  8    0    21.41
PG   78   36.4 23.1 8.3  18.4 45.1 1.1  3.5  32.7 5.4  6.8  80.1 4.2  10.7 2.0  0.6  4.1  50   0    23.28
SG   77   34.9 23.1 8.3  17.2 48.2 2.9  7.2  40.4 3.7  4.4  82.5 3.1  3.5  1.1  0.3  2.0  1    0    20.21
SG   80   35.0 23.0 8.7  18.0 48.0 2.3  5.5  42.1 3.4  3.7  91.2 3.6  3.6  0.9  0.5  2.2  1    0    19.99
PF   80   35.6 22.9 8.2  15.7 52.1 0.6  2.3  27.2 5.9  7.7  77.0 8.8  5.4  1.6  1.9  2.9  32   3    26.13
PF   74   34.3 22.4 8.1  18.8 43.3 2.0  5.7  35.9 4.1  4.9  83.3 5.9  2.9  0.8  0.4  2.1  7    0    17.96
PG   60   37.4 22.4 7.1  15.3 46.4 3.2  7.8  41.2 5.0  6.1  81.9 4.8  7.0  1.5  0.3  2.9  11   1    22.92
SG   78   34.0 22.3 8.3  17.6 46.8 3.4  8.3  41.4 2.4  2.8  85.3 3.7  2.1  0.8  0.5  1.6  0    0    17.53
SG   78   35.0 22.1 7.8  18.3 42.3 1.9  5.2  36.3 4.7  5.7  83.2 3.2  3.4  0.9  0.3  3.1  0    0    14.64
SF   73   34.5 21.9 7.5  15.8 47.1 2.0  5.1  39.8 5.0  5.9  84.4 5.4  3.5  1.0  0.3  1.9  2    0    22.23
PF   61   34.0 21.6 7.9  15.9 49.3 0.6  1.9  33.6 5.2  6.9  76.0 8.1  4.9  0.9  0.4  2.3  19   1    22.71
PG   66   33.0 21.1 6.8  15.7 43.4 1.6  4.7  33.5 5.9  6.9  84.7 4.8  6.3  1.4  0.5  3.4  7    1    20.56
C    75   29.6 20.5 7.4  15.6 47.4 1.8  5.2  34.6 3.9  4.9  81.0 5.4  2.3  0.5  1.7  2.5  2    0    20.48
PG   69   33.2 20.5 6.7  14.6 45.9 2.5  6.1  40.7 4.6  5.3  85.9 3.5  6.3  1.3  0.3  2.3  8    0    23.26
PG   73   33.7 20.3 7.3  15.4 47.5 1.6  4.0  40.5 4.1  5.2  79.0 3.8  5.8  1.2  0.2  2.9  6    0    19.84
C    74   34.2 19.5 7.2  15.7 45.9 1.4  3.6  38.8 3.8  4.5  83.7 6.3  4.6  0.9  1.3  2.2  11   2    20.32
SF   79   35.5 19.2 7.6  16.2 46.8 1.0  2.8  35.1 3.1  3.6  86.1 5.0  1.5  0.8  0.2  1.3  1    0    16.34
PF   60   31.4 19.0 6.2  14.5 42.7 2.4  6.5  37.3 4.3  4.9  87.1 11.1 1.9  0.9  0.4  2.0  41   0    21.18
G    60   29.9 18.3 6.9  15.9 43.4 0.8  2.4  31.0 3.7  4.7  79.4 4.5  3.8  1.4  0.7  2.3  2    0    18.55
PF   63   33.9 18.2 5.3  11.9 44.7 2.0  5.1  38.9 5.5  6.1  90.2 5.2  2.1  0.6  0.2  1.3  4    0    17.41
PF   66   32.8 18.1 6.7  14.9 45.0 1.7  4.8  35.7 3.0  3.8  78.6 7.2  1.5  0.7  2.0  1.8  12   0    17.49
PG   61   31.5 18.1 6.1  12.9 47.6 2.0  5.0  41.1 3.8  4.3  89.2 5.0  9.2  2.0  0.1  2.4  24   1    26.25
PF   69   34.0 18.1 6.2  14.1 44.2 1.1  3.5  31.1 4.5  5.9  76.8 7.7  3.7  1.3  0.9  2.3  19   0    17.91
PG   64   32.5 18.0 7.2  15.3 47.1 0.2  0.9  21.7 3.5  4.0  87.4 3.8  4.4  0.7  0.3  2.3  2    0    17.05
PG   79   31.5 17.9 6.9  15.4 45.1 1.3  3.7  34.0 2.8  3.2  85.5 3.1  6.3  0.9  0.2  3.3  10   0    16.18
SG   81   24.6 17.5 5.3  12.3 42.9 2.0  5.5  36.5 5.0  5.6  88.0 2.5  3.0  1.0  0.2  2.0  0    0    21.44
PF   72   32.4 17.3 6.9  14.6 47.7 0.3  0.8  41.1 3.1  3.8  81.2 7.3  1.9  0.6  1.2  1.4  18   0    18.66
SG   68   32.9 17.2 6.0  13.7 43.9 1.9  5.3  35.6 3.3  4.1  80.5 3.1  3.0  1.0  0.1  2.1  1    0    13.99
C    77   32.6 17.0 7.0  12.6 55.7 0.0  0.0  0.0  2.9  4.6  62.8 14.1 0.7  0.7  2.1  2.0  58   0    22.68
C    73   27.9 16.7 6.8  11.7 57.8 0.6  1.9  32.4 2.6  3.1  82.5 9.8  4.9  0.8  0.8  2.3  39   6    26.40
SG   75   31.0 16.2 5.5  13.5 40.6 3.3  8.8  37.2 2.0  2.3  84.0 2.7  2.5  0.6  0.5  1.6  0    0    13.22
SF   82   31.3 16.1 6.2  13.0 48.1 1.3  3.8  34.7 2.3  2.8  84.1 5.1  1.7  0.7  0.5  1.2  3    0    16.95
SG   67   33.2 15.9 6.1  13.9 44.2 1.9  5.3  36.1 1.7  2.3  75.3 4.3  2.6  1.2  0.3  1.8  3    0    13.62
SF   71   30.9 15.7 6.1  13.2 46.1 1.5  4.6  33.7 2.0  2.7  72.7 6.5  2.0  0.7  0.4  1.6  9    0    15.00
